0000000000000000000000000000000000000001111111111000000000000000000000000000000000000000
0000000000000000000000000000000000000011000000001100000000000000000000000000000000000000
0000000000000000000000000000000000000110111111110110000000000000000000000000000000000000
0000000000000000000000000000000000001101111111111011000000000000000000000000000000000000
0000000000000000000000000000000000001101111111111101000000000000000000000000000000000000
0000000000000000000000000000000000001101111111111101000000000000000000000000000000000000
0000000000000000000000000000000000001101111111111101000000000000000000000000000000000000
0000000000000000000000000000000000001101111111111101000000000000000000000000000000000000
0000000000000000000000000000000000001101111111111101000000000000000000000000000000000000
0000000000001110000011111111111111111101111111111101111111111111111100000111000000000000
0000011111111111000110000000000000000000000000000000000000000000000110001111111111100000
0000000000011111000101111111111111111111111111111111111111111111111010001111100000000000
0000000000011111001101111111111111111111111111111111111111111111111011001111100000000000
0000000000011111001011111111111111111111111111111111111111111111111101001111100000000000
1111111111111111111011111111111111111111111111111111111111111111111101111111111111111111
1110000000000000000000000000000000000000000000000000000000000000000000000000000000000111
0111011111111111111111111111111111111111111111111111111111111111111111111111111111101110
0001110111111111111111111111111111111111111111111111111111111111111111111111111110111000
0000111011111111111111111111111111111111111111111111111111111111111111111111111101110000
0000011101111111111111111111111111111111111111111111111111111111111111111111111011100000
0000001110111111111111111111111111111111111111111111111111111111111111111111110111000000
0000000111011111111111111111111111111111111111111111111111111111111111111111011100000000
0000000011100000000000000000000000000000000000000000000000000000000000000000111000000000
0000000001111111111111111111111111111111111111111111111111111111111111111111110000000000