0000000000000000000000000000000000000000000000000000000000000000000000000000000000111111111111111111111111111111111111111111111111111111111111111111110000000000000000000000000000000000000000000000000000000000000000000000000000000000
0000000000000000000000000000000000000000000000000000000000000000000000000000001111111111111111111111111111111111111111111111111111111111111111111111111111000000000000000000000000000000000000000000000000000000000000000000000000000000
0000000000000000000000000000000000000000000000000000000000000000000000000111111111111111111111111111111111111111111111111111111111111111111111111111111111111110000000000000000000000000000000000000000000000000000000000000000000000000
0000000000000000000000000000000000000000000000000000000000000000000001111111111111111111111111111111111111111111111111111111111111111111111111111111111111111111111000000000000000000000000000000000000000000000000000000000000000000000
0000000000000000000000000000000000000000000000000000000000000000011111111111111111111111111111111111111111111111111111111111111111111111111111111111111111111111111111100000000000000000000000000000000000000000000000000000000000000000
0000000000000000000000000000000000000000000000000000000000000001111111111111111111111111111111111111111111111111111111111111111111111111111111111111111111111111111111111000000000000000000000000000000000000000000000000000000000000000
0000000000000000000000000000000000000000000000000000000000000111111111111111111111111111111111111111111111111111111111111111111111111111111111111111111111111111111111111110000000000000000000000000000000000000000000000000000000000000
0000000000000000000000000000000000000000000000000000000000011111111111111111111111111111111111111111111111111111111111111111111111111111111111111111111111111111111111111111100000000000000000000000000000000000000000000000000000000000
0000000000000000000000000000000000000000000000000000000011111111111111111111111111111111111111111111111111111001111111111001111111111111111111111111111111111111111111111111111100000000000000000000000000000000000000000000000000000000
0000000000000000000000000000000000000000000000000000011111111111111111111111111111111111111111111111111111110110111111110110111111111111111111111111111111111111111111111111111111100000000000000000000000000000000000000000000000000000
0000000000000000000000000000000000000000000000000000111111111111111111111111111111111111111111111111111111111101000000001011111111111111111111111111111111111111111111111111111111110000000000000000000000000000000000000000000000000000
0000000000000000000000000000000000000000000000000000111111111111111111111111111111111111111111111111111111111110111111110111111111111111111111111111111111111111111111111111111111110000000000000000000000000000000000000000000000000000
0000000000000000000000000000000000000000000000000111111111111111111111111111111111111111111111111111111111111100110000110011111111111111111111111111111111111111111111111111111111111110000000000000000000000000000000000000000000000000
0000000000000000000000000000000000000000000000000111111111111111111111111111111111111111111111111111111111111001110110111001111111111111111111111111111111111111111111111111111111111110000000000000000000000000000000000000000000000000
0000000000000000000000000000000000000000000000000111111111111111111111111111111111111111111111111111111111111100111111110011111111111111111111111111111111111111111111111111111111111110000000000000000000000000000000000000000000000000
0000000000000000000000000000000000000000000000000111111111111111111111111111111111111111111111111111111111111110011111100111111111111111111111111111111111111111111111111111111111111110000000000000000000000000000000000000000000000000
0000000000000000000000000000000000000000000000111111111111111111111111111111111111111111111111111111111111100111111111111110011111111111111111111111111111111111111111111111111111111111110000000000000000000000000000000000000000000000
0000000000000000000000000000000000000000000000111111111111111111111111111111111111111111111111111111111111001111111111111111001111111111111111111111111111111111111111111111111111111111110000000000000000000000000000000000000000000000
0000000000000000000000000000111111111111111111111111111000000000011111111111111111111111111111111111111110011101111111111011100111111111111111111111111111111111111111100000000001111111111111111111111111110000000000000000000000000000
0000000000000000000001111111111111111111111111111111111111111000000000000000111111111111111111111111111110011001111111111001100111111111111111111111111111110000000000000001111111111111111111111111111111111111111000000000000000000000
0000000000000000001111111111111111111111111111111111111111111111111111000000000000000000000000011111111111111111111111111111111111111111100000000000000000000000001111111111111111111111111111111111111111111111111111000000000000000000
0000000000000001111111111111111111111111111111111111111111111111111111111111111111111110000000000000000000000000000000000000000000000000000000000111111111111111111111111111111111111111111111111111111111111111111111111000000000000000
0000000000011111111111111111111111111111111111111111111111111111111111111111111111111111111111111111100000000000000000000000000000011111111111111111111111111111111111111111111111111111111111111111111111111111111111111111100000000000
0000000011111111111111111111111111111111111111111111111111111111111111111111111111111111111111111111111111111111111111111111111111111111111111111111111111111111111111111111111111111111111111111111111111111111111111111111111100000000
0000001111111111111111111111111111111111111111111111111111111111111111111111111111111111111111111111111111111111111111111111111111111111111111111111111111111111111111111111111111111111111111111111111111111111111111111111111111000000
0000111111111111111111111111111111111111111111111111111111111111111111111111111111111111111111111111111111111111111111111111111111111111111111111111111111111111111111111111111111111111111111111111111111111111111111111111111111110000
0011111111111111111111111111111111111111111111111111111111111111111111111111111111111111111111111111111111111111111111111111111111111111111111111111111111111111111111111111111111111111111111111111111111111111111111111111111111111100
0111111111111111111111111111111111111111111111111111111111111111111111111111111111111111111111111111111111111111111111111111111111111111111111111111111111111111111111111111111111111111111111111111111111111111111111111111111111111110
0111111111111111111111111111111111111111111111111111111111111111111111111111111111111111111111111111111111111111111111111111111111111111111111111111111111111111111111111111111111111111111111111111111111111111111111111111111111111110
0111111111111111111111111111111111111111111111111111111111111111111111111111111111111111111111111111111111111111111111111111111111111111111111111111111111111111111111111111111111111111111111111111111111111111111111111111111111111110
0111111111111111111111111111111111111111111111111111111111111111111111111111111111111111111111111111111111111111111111111111111111111111111111111111111111111111111111111111111111111111111111111111111111111111111111111111111111111110
0111111111111111111111111111111111111111111111111111111111111111111111111111111111111111111111111111111111111111111111111111111111111111111111111111111111111111111111111111111111111111111111111111111111111111111111111111111111111110
0111111111111111111111111111111111111111111111111111111111111111111111111111111111111111111111111111111111111111111111111111111111111111111111111111111111111111111111111111111111111111111111111111111111111111111111111111111111111110
0111111111111111111111111111111111111111111111111111111111111111111111111111111111111111111111111111111111111111111111111111111111111111111111111111111111111111111111111111111111111111111111111111111111111111111111111111111111111110
0111111111111111111111111111111111111111111111111111111111111111111111111111111111111111111111111111111111111111111111111111111111111111111111111111111111111111111111111111111111111111111111111111111111111111111111111111111111111110
0111111111111111111111111111111111111111111111111111111111111111111111111111111111111111111111111111111111111111111111111111111111111111111111111111111111111111111111111111111111111111111111111111111111111111111111111111111111111110
0111111111111111111111111111111111111111111111111111111111111111111111111111111111111111111111111111111111111111111111111111111111111111111111111111111111111111111111111111111111111111111111111111111111111111111111111111111111111110
0011111111111111111111111111111111111111111111111111111111111111111111111111111111111111111111111111111111111111111111111111111111111111111111111111111111111111111111111111111111111111111111111111111111111111111111111111111111111100
0000011111111111111111111111111111111111111111111111111111111111111111111111111111111111111111111111111111111111111111111111111111111111111111111111111111111111111111111111111111111111111111111111111111111111111111111111111111100000
0000000011111111111111111111111111111111111111111111111111111111111111111111111111111111111111111111111111111111111111111111111111111111111111111111111111111111111111111111111111111111111111111111111111111111111111111111111100000000
0000000000000111111111111111111111111111111111111111111111111111111111111111111111111111111111111111111111111111111111111111111111111111111111111111111111111111111111111111111111111111111111111111111111111111111111111110000000000000
0000000000000000011111111111111111111111111111111111111111111111111111111111111111111111111111111111111111111111111111111111111111111111111111111111111111111111111111111111111111111111111111111111111111111111111111100000000000000000
0000000000000000000000011111111111111111111111111111111111111111111111111111111111111111111111111111111111111111111111111111111111111111111111111111111111111111111111111111111111111111111111111111111111111111100000000000000000000000
0000000000000000000000000000000011111111111111111111111111111111111111111111111111111111111111111111111111111111111111111111111111111111111111111111111111111111111111111111111111111111111111111111111100000000000000000000000000000000
0000000000000000000000000000000000000000000011111111111111111111111111111111111111111111111111111111111111111111111111111111111111111111111111111111111111111111111111111111111111111111111100000000000000000000000000000000000000000000
0000000000000000000000000000000000000000000000000000000000011111111111111111111111111111111111111111111111111111111111111111111111111111111111111111111111111111111111111111100000000000000000000000000000000000000000000000000000000000